20 20 9
F 3 17 3
F 13 16 3
F 13 12 3
W 1 16 9
W 9 14 9
W 11 15 9
H 7 4 5 -9
S 0 11 4
S 11 9 4
A 17 8 4
A 17 9 4
A 9 0 4
T 19 6 2
T 5 12 2
, 2 5 0
, 10 18 0
, 12 16 0
m 16 2 0
m 12 1 0
g 5 0 0
g 18 16 0
? 7 15 99
? 17 16 99
% 5 6 10
, 2 4 0
m 16 3 0
m 13 1 0
? 7 16 99
, 9 18 0
g 19 16 0
, 3 5 0
, 10 17 0
m 17 3 0
m 13 0 0
? 8 16 99
, 9 19 0
, 1 5 0
, 12 17 0
m 17 4 0
, 2 6 0
m 16 4 0
, 3 6 0
m 12 2 0
? 17 17 99
m 17 2 0
, 10 19 0
g 18 15 0
, 3 4 0
, 10 16 0
? 8 15 99
, 8 19 0
, 1 6 0
, 11 17 0
, 14 17 0
? 6 15 99
, 1 4 0
, 8 18 0
, 2 7 0
, 7 19 0
, 11 18 0
, 12 15 0
, 2 3 0
, 0 5 0
, 12 18 0
m 15 4 0
, 4 6 0
g 19 15 0
, 4 4 0
, 10 15 0
, 11 16 0
, 0 4 0
, 1 7 0
, 11 19 0
